00069
00169
00269
00369
00469
00569
00669
00769
00869
00969
01069
01169
01269
01369
01469
01569
01669
01769
01869
01969
02069
02169
02269
02369
02469
02569
02669
02769
02869
02969
03069
03169
03269
03369
03469
03569
03669
03769
03869
03969
04069
04169
04269
04369
04469
04569
04669
04769
04869
04969
05069
05169
05269
05369
05469
05569
05669
05769
05869
05969
06069
06169
06269
06369
06469
06569
06669
06769
06869
06969
07069
07169
07269
07369
07469
07569
07669
07769
07869
07969
08069
08169
08269
08369
08469
08569
08669
08769
08869
08969
09069
09169
09269
09369
09469
09569
09669
09769
09869
09969
10069
10169
10269
10369
10469
10569
10669
10769
10869
10969
11069
11169
11269
11369
11469
11569
11669
11769
11869
11969
12069
12169
12269
12369
12469
12569
12669
12769
12869
12969
13069
13169
13269
13369
13469
13569
13669
13769
13869
13969
14069
14169
14269
14369
14469
14569
14669
14769
14869
14969
15069
15169
15269
15369
15469
15569
15669
15769
15869
15969
16069
16169
16269
16369
16469
16569
16669
16769
16869
16969
17069
17169
17269
17369
17469
17569
17669
17769
17869
17969
18069
18169
18269
18369
18469
18569
18669
18769
18869
18969
19069
19169
19269
19369
19469
19569
19669
19769
19869
19969
20069
20169
20269
20369
20469
20569
20669
20769
20869
20969
21069
21169
21269
21369
21469
21569
21669
21769
21869
21969
22069
22169
22269
22369
22469
22569
22669
22769
22869
22969
23069
23169
23269
23369
23469
23569
23669
23769
23869
23969
24069
24169
24269
24369
24469
24569
24669
24769
24869
24969
25069
25169
25269
25369
25469
25569
25669
25769
25869
25969
26069
26169
26269
26369
26469
26569
26669
26769
26869
26969
27069
27169
27269
27369
27469
27569
27669
27769
27869
27969
28069
28169
28269
28369
28469
28569
28669
28769
28869
28969
29069
29169
29269
29369
29469
29569
29669
29769
29869
29969
30069
30169
30269
30369
30469
30569
30669
30769
30869
30969
31069
31169
31269
31369
31469
31569
31669
31769
31869
31969
32069
32169
32269
32369
32469
32569
32669
32769
32869
32969
33069
33169
33269
33369
33469
33569
33669
33769
33869
33969
34069
34169
34269
34369
34469
34569
34669
34769
34869
34969
35069
35169
35269
35369
35469
35569
35669
35769
35869
35969
36069
36169
36269
36369
36469
36569
36669
36769
36869
36969
37069
37169
37269
37369
37469
37569
37669
37769
37869
37969
38069
38169
38269
38369
38469
38569
38669
38769
38869
38969
39069
39169
39269
39369
39469
39569
39669
39769
39869
39969
40069
40169
40269
40369
40469
40569
40669
40769
40869
40969
41069
41169
41269
41369
41469
41569
41669
41769
41869
41969
42069
42169
42269
42369
42469
42569
42669
42769
42869
42969
43069
43169
43269
43369
43469
43569
43669
43769
43869
43969
44069
44169
44269
44369
44469
44569
44669
44769
44869
44969
45069
45169
45269
45369
45469
45569
45669
45769
45869
45969
46069
46169
46269
46369
46469
46569
46669
46769
46869
46969
47069
47169
47269
47369
47469
47569
47669
47769
47869
47969
48069
48169
48269
48369
48469
48569
48669
48769
48869
48969
49069
49169
49269
49369
49469
49569
49669
49769
49869
49969
50069
50169
50269
50369
50469
50569
50669
50769
50869
50969
51069
51169
51269
51369
51469
51569
51669
51769
51869
51969
52069
52169
52269
52369
52469
52569
52669
52769
52869
52969
53069
53169
53269
53369
53469
53569
53669
53769
53869
53969
54069
54169
54269
54369
54469
54569
54669
54769
54869
54969
55069
55169
55269
55369
55469
55569
55669
55769
55869
55969
56069
56169
56269
56369
56469
56569
56669
56769
56869
56969
57069
57169
57269
57369
57469
57569
57669
57769
57869
57969
58069
58169
58269
58369
58469
58569
58669
58769
58869
58969
59069
59169
59269
59369
59469
59569
59669
59769
59869
59969
60069
60169
60269
60369
60469
60569
60669
60769
60869
60969
61069
61169
61269
61369
61469
61569
61669
61769
61869
61969
62069
62169
62269
62369
62469
62569
62669
62769
62869
62969
63069
63169
63269
63369
63469
63569
63669
63769
63869
63969
64069
64169
64269
64369
64469
64569
64669
64769
64869
64969
65069
65169
65269
65369
65469
65569
65669
65769
65869
65969
66069
66169
66269
66369
66469
66569
66669
66769
66869
66969
67069
67169
67269
67369
67469
67569
67669
67769
67869
67969
68069
68169
68269
68369
68469
68569
68669
68769
68869
68969
69069
69169
69269
69369
69469
69569
69669
69769
69869
69969
70069
70169
70269
70369
70469
70569
70669
70769
70869
70969
71069
71169
71269
71369
71469
71569
71669
71769
71869
71969
72069
72169
72269
72369
72469
72569
72669
72769
72869
72969
73069
73169
73269
73369
73469
73569
73669
73769
73869
73969
74069
74169
74269
74369
74469
74569
74669
74769
74869
74969
75069
75169
75269
75369
75469
75569
75669
75769
75869
75969
76069
76169
76269
76369
76469
76569
76669
76769
76869
76969
77069
77169
77269
77369
77469
77569
77669
77769
77869
77969
78069
78169
78269
78369
78469
78569
78669
78769
78869
78969
79069
79169
79269
79369
79469
79569
79669
79769
79869
79969
80069
80169
80269
80369
80469
80569
80669
80769
80869
80969
81069
81169
81269
81369
81469
81569
81669
81769
81869
81969
82069
82169
82269
82369
82469
82569
82669
82769
82869
82969
83069
83169
83269
83369
83469
83569
83669
83769
83869
83969
84069
84169
84269
84369
84469
84569
84669
84769
84869
84969
85069
85169
85269
85369
85469
85569
85669
85769
85869
85969
86069
86169
86269
86369
86469
86569
86669
86769
86869
86969
87069
87169
87269
87369
87469
87569
87669
87769
87869
87969
88069
88169
88269
88369
88469
88569
88669
88769
88869
88969
89069
89169
89269
89369
89469
89569
89669
89769
89869
89969
90069
90169
90269
90369
90469
90569
90669
90769
90869
90969
91069
91169
91269
91369
91469
91569
91669
91769
91869
91969
92069
92169
92269
92369
92469
92569
92669
92769
92869
92969
93069
93169
93269
93369
93469
93569
93669
93769
93869
93969
94069
94169
94269
94369
94469
94569
94669
94769
94869
94969
95069
95169
95269
95369
95469
95569
95669
95769
95869
95969
96069
96169
96269
96369
96469
96569
96669
96769
96869
96969
97069
97169
97269
97369
97469
97569
97669
97769
97869
97969
98069
98169
98269
98369
98469
98569
98669
98769
98869
98969
99069
99169
99269
99369
99469
99569
99669
99769
99869
99969