00088
00188
00288
00388
00488
00588
00688
00788
00888
00988
01088
01188
01288
01388
01488
01588
01688
01788
01888
01988
02088
02188
02288
02388
02488
02588
02688
02788
02888
02988
03088
03188
03288
03388
03488
03588
03688
03788
03888
03988
04088
04188
04288
04388
04488
04588
04688
04788
04888
04988
05088
05188
05288
05388
05488
05588
05688
05788
05888
05988
06088
06188
06288
06388
06488
06588
06688
06788
06888
06988
07088
07188
07288
07388
07488
07588
07688
07788
07888
07988
08088
08188
08288
08388
08488
08588
08688
08788
08888
08988
09088
09188
09288
09388
09488
09588
09688
09788
09888
09988
10088
10188
10288
10388
10488
10588
10688
10788
10888
10988
11088
11188
11288
11388
11488
11588
11688
11788
11888
11988
12088
12188
12288
12388
12488
12588
12688
12788
12888
12988
13088
13188
13288
13388
13488
13588
13688
13788
13888
13988
14088
14188
14288
14388
14488
14588
14688
14788
14888
14988
15088
15188
15288
15388
15488
15588
15688
15788
15888
15988
16088
16188
16288
16388
16488
16588
16688
16788
16888
16988
17088
17188
17288
17388
17488
17588
17688
17788
17888
17988
18088
18188
18288
18388
18488
18588
18688
18788
18888
18988
19088
19188
19288
19388
19488
19588
19688
19788
19888
19988
20088
20188
20288
20388
20488
20588
20688
20788
20888
20988
21088
21188
21288
21388
21488
21588
21688
21788
21888
21988
22088
22188
22288
22388
22488
22588
22688
22788
22888
22988
23088
23188
23288
23388
23488
23588
23688
23788
23888
23988
24088
24188
24288
24388
24488
24588
24688
24788
24888
24988
25088
25188
25288
25388
25488
25588
25688
25788
25888
25988
26088
26188
26288
26388
26488
26588
26688
26788
26888
26988
27088
27188
27288
27388
27488
27588
27688
27788
27888
27988
28088
28188
28288
28388
28488
28588
28688
28788
28888
28988
29088
29188
29288
29388
29488
29588
29688
29788
29888
29988
30088
30188
30288
30388
30488
30588
30688
30788
30888
30988
31088
31188
31288
31388
31488
31588
31688
31788
31888
31988
32088
32188
32288
32388
32488
32588
32688
32788
32888
32988
33088
33188
33288
33388
33488
33588
33688
33788
33888
33988
34088
34188
34288
34388
34488
34588
34688
34788
34888
34988
35088
35188
35288
35388
35488
35588
35688
35788
35888
35988
36088
36188
36288
36388
36488
36588
36688
36788
36888
36988
37088
37188
37288
37388
37488
37588
37688
37788
37888
37988
38088
38188
38288
38388
38488
38588
38688
38788
38888
38988
39088
39188
39288
39388
39488
39588
39688
39788
39888
39988
40088
40188
40288
40388
40488
40588
40688
40788
40888
40988
41088
41188
41288
41388
41488
41588
41688
41788
41888
41988
42088
42188
42288
42388
42488
42588
42688
42788
42888
42988
43088
43188
43288
43388
43488
43588
43688
43788
43888
43988
44088
44188
44288
44388
44488
44588
44688
44788
44888
44988
45088
45188
45288
45388
45488
45588
45688
45788
45888
45988
46088
46188
46288
46388
46488
46588
46688
46788
46888
46988
47088
47188
47288
47388
47488
47588
47688
47788
47888
47988
48088
48188
48288
48388
48488
48588
48688
48788
48888
48988
49088
49188
49288
49388
49488
49588
49688
49788
49888
49988
50088
50188
50288
50388
50488
50588
50688
50788
50888
50988
51088
51188
51288
51388
51488
51588
51688
51788
51888
51988
52088
52188
52288
52388
52488
52588
52688
52788
52888
52988
53088
53188
53288
53388
53488
53588
53688
53788
53888
53988
54088
54188
54288
54388
54488
54588
54688
54788
54888
54988
55088
55188
55288
55388
55488
55588
55688
55788
55888
55988
56088
56188
56288
56388
56488
56588
56688
56788
56888
56988
57088
57188
57288
57388
57488
57588
57688
57788
57888
57988
58088
58188
58288
58388
58488
58588
58688
58788
58888
58988
59088
59188
59288
59388
59488
59588
59688
59788
59888
59988
60088
60188
60288
60388
60488
60588
60688
60788
60888
60988
61088
61188
61288
61388
61488
61588
61688
61788
61888
61988
62088
62188
62288
62388
62488
62588
62688
62788
62888
62988
63088
63188
63288
63388
63488
63588
63688
63788
63888
63988
64088
64188
64288
64388
64488
64588
64688
64788
64888
64988
65088
65188
65288
65388
65488
65588
65688
65788
65888
65988
66088
66188
66288
66388
66488
66588
66688
66788
66888
66988
67088
67188
67288
67388
67488
67588
67688
67788
67888
67988
68088
68188
68288
68388
68488
68588
68688
68788
68888
68988
69088
69188
69288
69388
69488
69588
69688
69788
69888
69988
70088
70188
70288
70388
70488
70588
70688
70788
70888
70988
71088
71188
71288
71388
71488
71588
71688
71788
71888
71988
72088
72188
72288
72388
72488
72588
72688
72788
72888
72988
73088
73188
73288
73388
73488
73588
73688
73788
73888
73988
74088
74188
74288
74388
74488
74588
74688
74788
74888
74988
75088
75188
75288
75388
75488
75588
75688
75788
75888
75988
76088
76188
76288
76388
76488
76588
76688
76788
76888
76988
77088
77188
77288
77388
77488
77588
77688
77788
77888
77988
78088
78188
78288
78388
78488
78588
78688
78788
78888
78988
79088
79188
79288
79388
79488
79588
79688
79788
79888
79988
80088
80188
80288
80388
80488
80588
80688
80788
80888
80988
81088
81188
81288
81388
81488
81588
81688
81788
81888
81988
82088
82188
82288
82388
82488
82588
82688
82788
82888
82988
83088
83188
83288
83388
83488
83588
83688
83788
83888
83988
84088
84188
84288
84388
84488
84588
84688
84788
84888
84988
85088
85188
85288
85388
85488
85588
85688
85788
85888
85988
86088
86188
86288
86388
86488
86588
86688
86788
86888
86988
87088
87188
87288
87388
87488
87588
87688
87788
87888
87988
88088
88188
88288
88388
88488
88588
88688
88788
88888
88988
89088
89188
89288
89388
89488
89588
89688
89788
89888
89988
90088
90188
90288
90388
90488
90588
90688
90788
90888
90988
91088
91188
91288
91388
91488
91588
91688
91788
91888
91988
92088
92188
92288
92388
92488
92588
92688
92788
92888
92988
93088
93188
93288
93388
93488
93588
93688
93788
93888
93988
94088
94188
94288
94388
94488
94588
94688
94788
94888
94988
95088
95188
95288
95388
95488
95588
95688
95788
95888
95988
96088
96188
96288
96388
96488
96588
96688
96788
96888
96988
97088
97188
97288
97388
97488
97588
97688
97788
97888
97988
98088
98188
98288
98388
98488
98588
98688
98788
98888
98988
99088
99188
99288
99388
99488
99588
99688
99788
99888
99988